{
  "data_version": 2,
  "lastLogin": 1623980564741,
  "lastIP": "/189.101.215.230",
  "usedKits": {
    "inicial": 1621899272377,
    "start": 1621899908230,
    "casa": 1621905252701,
    "ajuda": 1621907955043,
    "diario": 1623045250996,
    "farm": 1623178141457,
    "dstart": 1621908170186,
    "sstart": 1621908215513,
    "mstart": 1621908272559,
    "caixas": 1623941801631,
    "raro": 1623955420610,
    "d-shiny": 1623968829525,
    "s-shiny": 1623878522923,
    "m-shiny": 1622297976004,
    "pascoa": 1622817489276,
    "menu": 1622817627604,
    "ultra": 1623933888636
  },
  "firstJoin": 1621899272365,
  "firstJoinProcessed": true,
  "vanish": false,
  "jailOnNextLogin": false,
  "lastKnownName": "Desmond_Hume20",
  "fly": true,
  "homes": {
    "home": {
      "x": 2302.3273693304454,
      "y": 71,
      "z": -6409.212409707513,
      "rotx": 18.015687942504883,
      "roty": -78.26678466796875,
      "rotz": 0,
      "world": "fa9df8f4-6bbe-42a7-b26d-a3befddff91d"
    },
    "oceano": {
      "x": 2771.8264346235324,
      "y": 64,
      "z": -6374.779311227076,
      "rotx": 17.027450561523438,
      "roty": -358.8682861328125,
      "rotz": 0,
      "world": "fa9df8f4-6bbe-42a7-b26d-a3befddff91d"
    },
    "gg": {
      "x": -1207.9968241514655,
      "y": 78,
      "z": -521.0330363131188,
      "rotx": 20.95395851135254,
      "roty": -273.0155029296875,
      "rotz": 0,
      "world": "fa9df8f4-6bbe-42a7-b26d-a3befddff91d"
    },
    "master": {
      "x": 3660.2400000095367,
      "y": 73.43999999761581,
      "z": 1003.6154637497141,
      "rotx": 86.09300994873047,
      "roty": -269.4905090332031,
      "rotz": 0,
      "world": "91562b72-1b18-4910-8987-42f4c73c7d28"
    },
    "birch": {
      "x": 1760.7000420098268,
      "y": 142,
      "z": -6660.836801953952,
      "rotx": 25.499908447265625,
      "roty": 264.5389709472656,
      "rotz": 0,
      "world": "fa9df8f4-6bbe-42a7-b26d-a3befddff91d"
    }
  }
}