{
  "data_version": 2,
  "lastLogin": 1621896861339,
  "lastIP": "/177.127.112.165",
  "usedKits": {
    "inicial": 1621792044773,
    "start": 1621792692693,
    "comida": 1621897258688,
    "pascoa": 1621810706506,
    "dbeta": 1621813356762,
    "mbeta": 1621813463720,
    "sbeta": 1621813513618,
    "ajuda": 1621814169309,
    "mstart": 1621814191872,
    "dstart": 1621814224931,
    "menu": 1621814228777,
    "livros": 1621814231467,
    "farm": 1621814248023,
    "sstart": 1621814286457,
    "diario": 1621814289869,
    "casa": 1621822651378
  },
  "firstJoin": 1621792044597,
  "firstJoinProcessed": true,
  "vanish": false,
  "jailOnNextLogin": false,
  "lastKnownName": "GyuTazZ",
  "fly": true,
  "homes": {
    "birchforest": {
      "x": 398.1837894176772,
      "y": 63.0,
      "z": 7334.506905158362,
      "rotx": 21.40005874633789,
      "roty": 9.144116401672363,
      "rotz": 0.0,
      "world": "fa9df8f4-6bbe-42a7-b26d-a3befddff91d"
    },
    "aa": {
      "x": 221.09124375261683,
      "y": 41.0,
      "z": 3752.619731926848,
      "rotx": 16.830944061279297,
      "roty": -268.55517578125,
      "rotz": 0.0,
      "world": "fa9df8f4-6bbe-42a7-b26d-a3befddff91d"
    },
    "asdad": {
      "x": 216.2896003223847,
      "y": 63.0,
      "z": 3751.6901859746604,
      "rotx": 61.69694137573242,
      "roty": -264.4307861328125,
      "rotz": 0.0,
      "world": "fa9df8f4-6bbe-42a7-b26d-a3befddff91d"
    },
    "ultradesert": {
      "x": -2246.5286100512853,
      "y": 91.0,
      "z": 3485.4839458746055,
      "rotx": 26.984445571899414,
      "roty": -336.37445068359375,
      "rotz": 0.0,
      "world": "c28925ca-19de-463e-a50c-875f2214c05e"
    },
    "ultraforest": {
      "x": -15.699999988079075,
      "y": 91.0,
      "z": 2183.879467336067,
      "rotx": 43.35715103149414,
      "roty": 70.32574462890625,
      "rotz": 0.0,
      "world": "c28925ca-19de-463e-a50c-875f2214c05e"
    },
    "casa": {
      "x": -1.765931963456882,
      "y": 69.0,
      "z": 435.46094785605277,
      "rotx": 24.006946563720703,
      "roty": 185.404296875,
      "rotz": 0.0,
      "world": "fa9df8f4-6bbe-42a7-b26d-a3befddff91d"
    },
    "ultradeepsea": {
      "x": 2734.9519577316432,
      "y": 80.0,
      "z": 89.67713776122737,
      "rotx": 37.963069915771484,
      "roty": -128.27537536621094,
      "rotz": 0.0,
      "world": "c28925ca-19de-463e-a50c-875f2214c05e"
    }
  },
  "powertools": {}
}