{
  "data_version": 2,
  "lastLogin": 1622551884979,
  "lastIP": "/179.124.140.102",
  "usedKits": {
    "inicial": 1621777695312,
    "start": 1621778978160,
    "ajuda": 1621943786754,
    "mstart": 1621943804204,
    "sstart": 1621943809705,
    "dstart": 1621943843451,
    "diario": 1621944308212,
    "pascoa": 1621966413132,
    "casa": 1622121431364,
    "farm": 1622124097765
  },
  "firstJoin": 1621777695303,
  "firstJoinProcessed": true,
  "vanish": false,
  "jailOnNextLogin": false,
  "lastKnownName": "FUTANARI",
  "fly": false,
  "homes": {
    "home": {
      "x": -2990.543544011359,
      "y": 66,
      "z": -715.5172171619635,
      "rotx": -1.4513731230181293E-6,
      "roty": -270.14776611328125,
      "rotz": 0,
      "world": "fa9df8f4-6bbe-42a7-b26d-a3befddff91d"
    },
    "deserto": {
      "x": -1699.4451170450827,
      "y": 67,
      "z": -3298.9968316499935,
      "rotx": 22.349992752075195,
      "roty": 90.8278579711914,
      "rotz": 0,
      "world": "91562b72-1b18-4910-8987-42f4c73c7d28"
    },
    "cacto": {
      "x": -3052.5015872074373,
      "y": 6,
      "z": -728.4772971717654,
      "rotx": -90,
      "roty": 89.70199584960938,
      "rotz": 0,
      "world": "fa9df8f4-6bbe-42a7-b26d-a3befddff91d"
    },
    "roxo": {
      "x": -1872.6551552909268,
      "y": 177,
      "z": -543.902653073351,
      "rotx": 43.80006790161133,
      "roty": -351.8990173339844,
      "rotz": 0,
      "world": "c28925ca-19de-463e-a50c-875f2214c05e"
    },
    "gelo": {
      "x": -4199.5647227625805,
      "y": 97,
      "z": 2718.976934975985,
      "rotx": 36.90005111694336,
      "roty": -103.94770812988281,
      "rotz": 0,
      "world": "91562b72-1b18-4910-8987-42f4c73c7d28"
    }
  }
}