{
  "data_version": 2,
  "lastLogin": 1623321956601,
  "lastIP": "/186.251.251.252",
  "vanish": false,
  "usedKits": {
    "inicial": 1623064448364,
    "ajuda": 1623065030618,
    "start": 1623068221149,
    "dstart": 1623260763084,
    "sstart": 1623068333787,
    "mstart": 1623068344785,
    "comida": 1623171205407,
    "farm": 1623260697092,
    "diario": 1623322128045,
    "raro": 1623154602840,
    "casa": 1623180341706
  },
  "firstJoin": 1623064448357,
  "firstJoinProcessed": true,
  "jailOnNextLogin": false,
  "lastKnownName": "neonbreak",
  "fly": true,
  "homes": {
    "itens1": {
      "x": 2368.6759560852647,
      "y": 64,
      "z": -4272.707513826581,
      "rotx": 63.867408752441406,
      "roty": 268.5832824707031,
      "rotz": 0,
      "world": "fa9df8f4-6bbe-42a7-b26d-a3befddff91d"
    },
    "ultimolug": {
      "x": 4324.972662217384,
      "y": 88,
      "z": 2916.6191400199796,
      "rotx": 19.49996566772461,
      "roty": 11.4027099609375,
      "rotz": 0,
      "world": "c28925ca-19de-463e-a50c-875f2214c05e"
    },
    "casa": {
      "x": 8181.226152063611,
      "y": 69,
      "z": -135.09460784431394,
      "rotx": 12.899974822998047,
      "roty": -0.12076430022716522,
      "rotz": 0,
      "world": "fa9df8f4-6bbe-42a7-b26d-a3befddff91d"
    },
    "biomamesa": {
      "x": -6918.165006088704,
      "y": 91,
      "z": 870.6734500184535,
      "rotx": 45.4499626159668,
      "roty": 263.56170654296875,
      "rotz": 0,
      "world": "fa9df8f4-6bbe-42a7-b26d-a3befddff91d"
    },
    "swampland": {
      "x": -972.5460910524814,
      "y": 100,
      "z": -1877.549562921185,
      "rotx": 42.89997100830078,
      "roty": -258.15899658203125,
      "rotz": 0,
      "world": "c28925ca-19de-463e-a50c-875f2214c05e"
    }
  }
}