{
  "data_version": 2,
  "lastLogin": 1623967285179,
  "lastIP": "/168.181.51.31",
  "vanish": false,
  "usedKits": {
    "inicial": 1622912040535,
    "start": 1622912747591,
    "mstart": 1622913615432,
    "sstart": 1622913717358,
    "dstart": 1623327720309,
    "ajuda": 1622913782770,
    "casa": 1622974663546,
    "diario": 1622913941944,
    "farm": 1622913996041,
    "raro": 1623967539583,
    "caixas": 1623965045864,
    "ultra": 1623305243527
  },
  "firstJoin": 1622912040525,
  "firstJoinProcessed": true,
  "jailOnNextLogin": false,
  "lastKnownName": "Hachiko",
  "fly": false,
  "homes": {
    "casa": {
      "x": 6310.1070112395755,
      "y": 73,
      "z": -7591.933728850659,
      "rotx": 15.899760246276855,
      "roty": 61.77191162109375,
      "rotz": 0,
      "world": "fa9df8f4-6bbe-42a7-b26d-a3befddff91d"
    },
    "casa2": {
      "x": -145.00143420073977,
      "y": 73.65219682065604,
      "z": -474.66207121809833,
      "rotx": 30.449893951416016,
      "roty": 200.222900390625,
      "rotz": 0,
      "world": "fa9df8f4-6bbe-42a7-b26d-a3befddff91d"
    },
    "casa3": {
      "x": -9994.462318291704,
      "y": 64,
      "z": 9944.774236312902,
      "rotx": 20.549957275390625,
      "roty": 165.88717651367188,
      "rotz": 0,
      "world": "fa9df8f4-6bbe-42a7-b26d-a3befddff91d"
    },
    "ultra": {
      "x": -4646.010353739894,
      "y": 95,
      "z": -1853.2412628666193,
      "rotx": 29.700054168701172,
      "roty": -34.8154296875,
      "rotz": 0,
      "world": "c28925ca-19de-463e-a50c-875f2214c05e"
    },
    "kyogre": {
      "x": -3031.5171089745645,
      "y": 52,
      "z": 122.50109025504447,
      "rotx": 23.99981117248535,
      "roty": -348.4752502441406,
      "rotz": 0,
      "world": "fa9df8f4-6bbe-42a7-b26d-a3befddff91d"
    }
  }
}