{
  "data_version": 2,
  "lastLogin": 1623364689066,
  "lastIP": "/45.6.128.151",
  "usedKits": {
    "inicial": 1621770760386,
    "start": 1621771410067,
    "sstart": 1621771691008,
    "pascoa": 1621771694058,
    "mstart": 1621771768364,
    "dstart": 1622289535832,
    "casa": 1622635238721,
    "diario": 1622998258961,
    "farm": 1623178745299,
    "m-shiny": 1621812850630,
    "d-shiny": 1622670085666,
    "s-shiny": 1622419332994,
    "majudante": 1621860832093,
    "dajudante": 1623257139385,
    "sajudante": 1623082978486,
    "comida": 1622555233661,
    "ultra": 1623091544142,
    "raro": 1623277003031
  },
  "firstJoin": 1621770760377,
  "firstJoinProcessed": true,
  "vanish": false,
  "jailOnNextLogin": false,
  "lastKnownName": "ChapiscandoYT",
  "fly": true,
  "homes": {
    "home": {
      "x": -2778.1023794764133,
      "y": 74,
      "z": -8701.833613674346,
      "rotx": 35.0999870300293,
      "roty": 245.5389404296875,
      "rotz": 0,
      "world": "fa9df8f4-6bbe-42a7-b26d-a3befddff91d"
    },
    "end": {
      "x": -916.3317990454342,
      "y": 63,
      "z": -1859.8850584067632,
      "rotx": 8.999946594238281,
      "roty": 156.29051208496094,
      "rotz": 0,
      "world": "74773b72-0d10-41bd-a3ed-419856a5f2c3"
    },
    "bau": {
      "x": 1633.5334867429851,
      "y": 63.875,
      "z": -596.1609676652507,
      "rotx": 49.19997024536133,
      "roty": 4.639400482177734,
      "rotz": 0,
      "world": "fa9df8f4-6bbe-42a7-b26d-a3befddff91d"
    },
    "gelo": {
      "x": 775.8427987900973,
      "y": 79,
      "z": -3548.5126997396105,
      "rotx": 16.94999122619629,
      "roty": 2.23858642578125,
      "rotz": 0,
      "world": "fa9df8f4-6bbe-42a7-b26d-a3befddff91d"
    },
    "biomas": {
      "x": -982.5669630032586,
      "y": 66,
      "z": -2399.300000011921,
      "rotx": 25.349964141845703,
      "roty": -338.4105529785156,
      "rotz": 0,
      "world": "fa9df8f4-6bbe-42a7-b26d-a3befddff91d"
    },
    "mesa": {
      "x": -6555.528284878272,
      "y": 97,
      "z": 1008.6890939526505,
      "rotx": 26.549911499023438,
      "roty": 172.78890991210938,
      "rotz": 0,
      "world": "fa9df8f4-6bbe-42a7-b26d-a3befddff91d"
    },
    "jg": {
      "x": -2422.1950958910566,
      "y": 79,
      "z": 3318.5523313104973,
      "rotx": 27.60004234313965,
      "roty": -238.49951171875,
      "rotz": 0,
      "world": "fa9df8f4-6bbe-42a7-b26d-a3befddff91d"
    },
    "mesau": {
      "x": 2590.7565541831214,
      "y": 90,
      "z": 3433.7288051733613,
      "rotx": 57.75002670288086,
      "roty": -330.598876953125,
      "rotz": 0,
      "world": "c28925ca-19de-463e-a50c-875f2214c05e"
    },
    "ultratudo": {
      "x": -3194.553117137517,
      "y": 101,
      "z": 1895.4755505711048,
      "rotx": 45.30005645751953,
      "roty": 113.08871459960938,
      "rotz": 0,
      "world": "c28925ca-19de-463e-a50c-875f2214c05e"
    }
  },
  "nickname-text": "{\"extra\":[{\"color\":\"dark_red\",\"text\":\"Chap\"},{\"color\":\"gold\",\"text\":\"iscan\"},{\"color\":\"dark_green\",\"text\":\"doYT\"}],\"text\":\"\"}",
  "ignoreList": [
    "ccfb59da-75c9-3db2-9f84-ccd983d4390f"
  ],
  "powertools": {}
}