{
  "data_version": 2,
  "lastLogin": 1623969327888,
  "lastIP": "/179.126.211.125",
  "usedKits": {
    "inicial": 1621781457256,
    "start": 1621781516210,
    "sstart": 1621781622798,
    "mstart": 1621781628598,
    "pascoa": 1621781911319,
    "dstart": 1622343184140,
    "farm": 1622217878421,
    "diario": 1622402976804,
    "comida": 1621782595029,
    "casa": 1621782618364,
    "livros": 1621782622772,
    "menu": 1621782624119,
    "ajuda": 1621782640144,
    "m-shiny": 1621802211402,
    "s-shiny": 1623876177900,
    "d-shiny": 1623970441486,
    "caixas": 1623361658760,
    "raro": 1623969920410,
    "ultra": 1622470806541
  },
  "firstJoin": 1621781457247,
  "firstJoinProcessed": true,
  "vanish": false,
  "jailOnNextLogin": false,
  "lastKnownName": "layon1324",
  "fly": true,
  "homes": {
    "base": {
      "x": -9606.278350138962,
      "y": 77,
      "z": -4844.527415475932,
      "rotx": 70.64998626708984,
      "roty": -92.40811157226562,
      "rotz": 0,
      "world": "fa9df8f4-6bbe-42a7-b26d-a3befddff91d"
    },
    "megataiga": {
      "x": 1432.1389299906352,
      "y": 66,
      "z": 4771.110730887682,
      "rotx": 14.52341365814209,
      "roty": -181.91827392578125,
      "rotz": 0,
      "world": "fa9df8f4-6bbe-42a7-b26d-a3befddff91d"
    },
    "deepocean": {
      "x": -8618.918419950973,
      "y": 62.42342024120761,
      "z": -4093.9084557836804,
      "rotx": 42.300025939941406,
      "roty": -9.30859375,
      "rotz": 0,
      "world": "fa9df8f4-6bbe-42a7-b26d-a3befddff91d"
    },
    "tesouro": {
      "x": 26.770710740455968,
      "y": 70,
      "z": -10.784028061993,
      "rotx": 25.49995994567871,
      "roty": -214.50677490234375,
      "rotz": 0,
      "world": "fa9df8f4-6bbe-42a7-b26d-a3befddff91d"
    },
    "ultraf": {
      "x": 2553.916318694253,
      "y": 89,
      "z": -3345.230767907768,
      "rotx": 46.949951171875,
      "roty": -97.9248046875,
      "rotz": 0,
      "world": "c28925ca-19de-463e-a50c-875f2214c05e"
    }
  },
  "nickname-text": "{\"extra\":[{\"color\":\"dark_red\",\"text\":\"Layon_\"},{\"color\":\"aqua\",\"text\":\"Naofumi\"}],\"text\":\"\"}"
}