{
  "data_version": 2,
  "lastLogin": 1622687183627,
  "lastIP": "/191.184.172.110",
  "usedKits": {
    "inicial": 1622223825470,
    "ajuda": 1622223942103,
    "diario": 1622388714119,
    "farm": 1622392279763,
    "casa": 1622392302930,
    "start": 1622398602126,
    "dstart": 1622398622872,
    "sstart": 1622398627451,
    "mstart": 1622398628947
  },
  "firstJoin": 1622223825463,
  "firstJoinProcessed": true,
  "vanish": false,
  "jailOnNextLogin": false,
  "lastKnownName": "Delei02",
  "fly": false,
  "homes": {
    "drop": {
      "x": -3641.0828486154355,
      "y": 78,
      "z": -7444.128869637438,
      "rotx": 17.999998092651367,
      "roty": 353.094970703125,
      "rotz": 0,
      "world": "fa9df8f4-6bbe-42a7-b26d-a3befddff91d"
    },
    "cabana": {
      "x": 5555.678888973654,
      "y": 78,
      "z": -6979.192464157384,
      "rotx": 12.749983787536621,
      "roty": 299.25762939453125,
      "rotz": 0,
      "world": "fa9df8f4-6bbe-42a7-b26d-a3befddff91d"
    },
    "casa": {
      "x": -5927.614128240745,
      "y": 68,
      "z": -5368.835604015648,
      "rotx": 35.70005416870117,
      "roty": 132.15423583984375,
      "rotz": 0,
      "world": "fa9df8f4-6bbe-42a7-b26d-a3befddff91d"
    },
    "mina": {
      "x": -1215.300000011921,
      "y": 30,
      "z": 3596.418465320299,
      "rotx": 62.25010299682617,
      "roty": -272.544189453125,
      "rotz": 0,
      "world": "91562b72-1b18-4910-8987-42f4c73c7d28"
    }
  }
}