{
  "data_version": 2,
  "lastLogin": 1623327593481,
  "lastIP": "/179.54.218.149",
  "usedKits": {
    "inicial": 1621796782316,
    "start": 1621797079287,
    "pascoa": 1621797085219,
    "dstart": 1622388689416,
    "sstart": 1621799316592,
    "mstart": 1621799336341,
    "ajuda": 1621799687955,
    "farm": 1621799809802,
    "menu": 1621802240804,
    "diario": 1621802244121,
    "dajd+": 1623331805650,
    "sajd+": 1623065203803,
    "majd+": 1621803703488,
    "comida": 1623330553259,
    "casa": 1622577059970
  },
  "firstJoin": 1621796782307,
  "firstJoinProcessed": true,
  "vanish": false,
  "jailOnNextLogin": false,
  "lastKnownName": "The_Prince",
  "fly": true,
  "homes": {
    "home": {
      "x": -601.9594046566234,
      "y": 68,
      "z": 5202.894827917884,
      "rotx": 40.17030715942383,
      "roty": 266.404541015625,
      "rotz": 0,
      "world": "fa9df8f4-6bbe-42a7-b26d-a3befddff91d"
    },
    "gelo": {
      "x": -4312.500312508178,
      "y": 64,
      "z": -1295.1321741294257,
      "rotx": 83.24999237060547,
      "roty": 75.8043212890625,
      "rotz": 0,
      "world": "fa9df8f4-6bbe-42a7-b26d-a3befddff91d"
    },
    "irian": {
      "x": -2162.8774120714183,
      "y": 124,
      "z": 3171.40452599016,
      "rotx": 23.99275779724121,
      "roty": -127.2081298828125,
      "rotz": 0,
      "world": "fa9df8f4-6bbe-42a7-b26d-a3befddff91d"
    },
    "mugi": {
      "x": 8986.507400866763,
      "y": 63,
      "z": 6487.206730969231,
      "rotx": 18.582786560058594,
      "roty": -359.647216796875,
      "rotz": 0,
      "world": "fa9df8f4-6bbe-42a7-b26d-a3befddff91d"
    },
    "farm": {
      "x": -3906.608629414852,
      "y": 65,
      "z": 5185.762499988079,
      "rotx": 49.79988479614258,
      "roty": -27.879058837890625,
      "rotz": 0,
      "world": "fa9df8f4-6bbe-42a7-b26d-a3befddff91d"
    },
    "bioma": {
      "x": 7923.3087662535445,
      "y": 95,
      "z": -2910.9455546177514,
      "rotx": 54.524349212646484,
      "roty": 358.6883850097656,
      "rotz": 0,
      "world": "fa9df8f4-6bbe-42a7-b26d-a3befddff91d"
    },
    "vila": {
      "x": -6911.443804340772,
      "y": 87,
      "z": 792.6675363570334,
      "rotx": 22.208593368530273,
      "roty": 210.23919677734375,
      "rotz": 0,
      "world": "fa9df8f4-6bbe-42a7-b26d-a3befddff91d"
    }
  },
  "nickname-text": "{\"extra\":[{\"color\":\"aqua\",\"text\":\"The\"},{\"color\":\"dark_aqua\",\"text\":\"Prince\"}],\"text\":\"\"}"
}