{
  "data_version": 2,
  "lastLogin": 1622751674825,
  "lastIP": "/201.75.171.74",
  "usedKits": {
    "inicial": 1621855976228,
    "start": 1621857975462,
    "comida": 1621859079601,
    "raro": 1622685343251,
    "casa": 1622343838237,
    "diario": 1622752411485,
    "caixas": 1621976343166,
    "farm": 1622700338690,
    "ultra": 1622346219028
  },
  "firstJoin": 1621855976220,
  "firstJoinProcessed": true,
  "vanish": false,
  "jailOnNextLogin": false,
  "lastKnownName": "Arckerman",
  "fly": false,
  "homes": {
    "tm": {
      "x": -2045.699999988079,
      "y": 108,
      "z": 2471.1126042989295,
      "rotx": 45.7497673034668,
      "roty": -330.3385925292969,
      "rotz": 0,
      "world": "fa9df8f4-6bbe-42a7-b26d-a3befddff91d"
    },
    "birch": {
      "x": -3244.300000011921,
      "y": 64,
      "z": 5906.607569607606,
      "rotx": 27.299896240234375,
      "roty": 259.1549072265625,
      "rotz": 0,
      "world": "fa9df8f4-6bbe-42a7-b26d-a3befddff91d"
    },
    "zero": {
      "x": 0.38234706341445557,
      "y": 67,
      "z": 0.49058526176044576,
      "rotx": 76.34996795654297,
      "roty": 187.75599670410156,
      "rotz": 0,
      "world": "fa9df8f4-6bbe-42a7-b26d-a3befddff91d"
    },
    "nova": {
      "x": -5135.377242714006,
      "y": 123,
      "z": 1647.582225417957,
      "rotx": -2.399984836578369,
      "roty": 122.56304168701172,
      "rotz": 0,
      "world": "fa9df8f4-6bbe-42a7-b26d-a3befddff91d"
    },
    "forest": {
      "x": -3020.797462772904,
      "y": 69,
      "z": -4822.513552269816,
      "rotx": 12.724506378173828,
      "roty": 334.19049072265625,
      "rotz": 0,
      "world": "fa9df8f4-6bbe-42a7-b26d-a3befddff91d"
    }
  }
}