{
  "data_version": 2,
  "lastLogin": 1622728379709,
  "lastIP": "/167.249.111.250",
  "usedKits": {
    "inicial": 1622587147778,
    "start": 1622587179402,
    "dstart": 1622730674721,
    "sstart": 1622587234209,
    "mstart": 1622587757856,
    "livros": 1622597453275,
    "casa": 1622671557063,
    "diario": 1622730403919,
    "farm": 1622640158024,
    "pascoa": 1622640479784,
    "comida": 1622671534190,
    "ajuda": 1622640592335,
    "menu": 1622640664165,
    "caixas": 1622644999305
  },
  "firstJoin": 1622587147773,
  "firstJoinProcessed": true,
  "vanish": false,
  "jailOnNextLogin": false,
  "lastKnownName": "luizbro",
  "fly": true,
  "homes": {
    "casa": {
      "x": 1031.2554426586619,
      "y": 72,
      "z": 4105.765983794749,
      "rotx": 29.850061416625977,
      "roty": 184.54635620117188,
      "rotz": 0,
      "world": "fa9df8f4-6bbe-42a7-b26d-a3befddff91d"
    },
    "caverna": {
      "x": -3058.73307645748,
      "y": 25,
      "z": 907.6999999880791,
      "rotx": 9.150012969970703,
      "roty": -19.60162353515625,
      "rotz": 0,
      "world": "91562b72-1b18-4910-8987-42f4c73c7d28"
    },
    "mesa": {
      "x": -3718.3454457459566,
      "y": 79.77372590456629,
      "z": 6043.669172145212,
      "rotx": 59.100276947021484,
      "roty": 55.527099609375,
      "rotz": 0,
      "world": "fa9df8f4-6bbe-42a7-b26d-a3befddff91d"
    }
  }
}