{
  "data_version": 2,
  "lastLogin": 1622739796292,
  "lastIP": "/45.167.53.225",
  "vanish": false,
  "usedKits": {
    "inicial": 1622314235669,
    "start": 1622376825099,
    "sstart": 1622376831148,
    "mstart": 1622376838094,
    "comida": 1622401918518,
    "dstart": 1622744375198,
    "casa": 1622744347957,
    "diario": 1622476616763,
    "ajuda": 1622480549480
  },
  "firstJoin": 1622314235662,
  "firstJoinProcessed": true,
  "jailOnNextLogin": false,
  "lastKnownName": "Ind3y",
  "fly": true,
  "homes": {
    "casa": {
      "x": 5602.732301728057,
      "y": 71.38047633091443,
      "z": -2197.0230833920737,
      "rotx": 34.865291595458984,
      "roty": -84.13611602783203,
      "rotz": 0.0,
      "world": "fa9df8f4-6bbe-42a7-b26d-a3befddff91d"
    },
    "cos": {
      "x": -7503.714377990263,
      "y": 63.0,
      "z": 4591.55547061836,
      "rotx": 35.256431579589844,
      "roty": -324.1025390625,
      "rotz": 0.0,
      "world": "fa9df8f4-6bbe-42a7-b26d-a3befddff91d"
    },
    "des": {
      "x": -7764.403010862586,
      "y": 98.0,
      "z": -6678.24787060246,
      "rotx": 28.740137100219727,
      "roty": -321.468505859375,
      "rotz": 0.0,
      "world": "fa9df8f4-6bbe-42a7-b26d-a3befddff91d"
    },
    "mw": {
      "x": -3397.472660096647,
      "y": 114.0,
      "z": -2197.300000011921,
      "rotx": 37.059547424316406,
      "roty": -171.82403564453125,
      "rotz": 0.0,
      "world": "fa9df8f4-6bbe-42a7-b26d-a3befddff91d"
    },
    "cs": {
      "x": -7613.421999837349,
      "y": 74.0,
      "z": 4915.031761234596,
      "rotx": 25.657075881958008,
      "roty": -47.765869140625,
      "rotz": 0.0,
      "world": "fa9df8f4-6bbe-42a7-b26d-a3befddff91d"
    }
  }
}