{
  "data_version": 2,
  "lastLogin": 1622675315210,
  "lastIP": "/45.231.138.133",
  "usedKits": {
    "inicial": 1621779135849,
    "start": 1621779190906,
    "sstart": 1621779847690,
    "mstart": 1621779857618,
    "livros": 1622077109454,
    "dstart": 1622303279730,
    "pascoa": 1621780142271,
    "ajuda": 1621780260093,
    "diario": 1622592684598,
    "casa": 1621900617422,
    "farm": 1622592605878,
    "caixas": 1622594673546,
    "raro": 1621896477096,
    "menu": 1622077338158,
    "ultra": 1622244474151,
    "comida": 1622321175934
  },
  "firstJoin": 1621779135838,
  "firstJoinProcessed": true,
  "vanish": false,
  "jailOnNextLogin": false,
  "lastKnownName": "zpotato_zap",
  "fly": false,
  "homes": {
    "home": {
      "x": -9224.578701817318,
      "y": 64,
      "z": 5419.266474324716,
      "rotx": 15.196171760559082,
      "roty": 334.95098876953125,
      "rotz": 0,
      "world": "fa9df8f4-6bbe-42a7-b26d-a3befddff91d"
    },
    "ok": {
      "x": -2244.8388712811084,
      "y": 66,
      "z": 667.7485959955127,
      "rotx": 70.98631286621094,
      "roty": 178.33851623535156,
      "rotz": 0,
      "world": "fa9df8f4-6bbe-42a7-b26d-a3befddff91d"
    },
    "me": {
      "x": 950.4416100403043,
      "y": 64,
      "z": 152.90860634186592,
      "rotx": 52.97335433959961,
      "roty": 267.1523742675781,
      "rotz": 0,
      "world": "fa9df8f4-6bbe-42a7-b26d-a3befddff91d"
    },
    "swamplanet": {
      "x": -1528.1323322044914,
      "y": 63.29738868108644,
      "z": 7879.534411856231,
      "rotx": 50.97193145751953,
      "roty": 180.4432373046875,
      "rotz": 0,
      "world": "fa9df8f4-6bbe-42a7-b26d-a3befddff91d"
    }
  },
  "powertools": {}
}