{
  "data_version": 2,
  "lastLogin": 1622926369634,
  "lastIP": "/179.250.40.31",
  "usedKits": {
    "inicial": 1621783389935,
    "start": 1621793166490,
    "dstart": 1622393527347,
    "sstart": 1621793221348,
    "mstart": 1621793224497,
    "diario": 1621970472526,
    "ajuda": 1621873138908,
    "farm": 1622062418979,
    "casa": 1622657790771,
    "comida": 1622395164966,
    "raro": 1622382602163
  },
  "firstJoin": 1621783389927,
  "firstJoinProcessed": true,
  "vanish": false,
  "jailOnNextLogin": false,
  "lastKnownName": "Fire_Hard",
  "fly": false,
  "homes": {
    "casa": {
      "x": 5523.300000011921,
      "y": 63,
      "z": -7214.724258038596,
      "rotx": 20.942352294921875,
      "roty": -90.17279052734375,
      "rotz": 0,
      "world": "fa9df8f4-6bbe-42a7-b26d-a3befddff91d"
    },
    "home": {
      "x": -1516.7931155936312,
      "y": 64.44190036257773,
      "z": 7921.913300628152,
      "rotx": 29.10002326965332,
      "roty": 80.55810546875,
      "rotz": 0,
      "world": "fa9df8f4-6bbe-42a7-b26d-a3befddff91d"
    },
    "fa": {
      "x": -1790.5,
      "y": 64.95596152850109,
      "z": -3199.5,
      "rotx": 42.215938568115234,
      "roty": 43.27849197387695,
      "rotz": 0,
      "world": "fa9df8f4-6bbe-42a7-b26d-a3befddff91d"
    },
    "zeraora": {
      "x": 7908.309436489959,
      "y": 83,
      "z": -2930.0856715326945,
      "rotx": 32.69998550415039,
      "roty": 85.4525146484375,
      "rotz": 0,
      "world": "fa9df8f4-6bbe-42a7-b26d-a3befddff91d"
    }
  }
}