{
  "data_version": 2,
  "lastLogin": 1623976009519,
  "lastIP": "/168.194.177.194",
  "vanish": false,
  "usedKits": {
    "inicial": 1622485238544,
    "start": 1622488021393,
    "comida": 1623197380611,
    "dstart": 1622852579531,
    "sstart": 1622659214975,
    "mstart": 1622659222949,
    "ajuda": 1622677304938,
    "farm": 1623193728077,
    "diario": 1623970284327
  },
  "firstJoin": 1622485238534,
  "firstJoinProcessed": true,
  "jailOnNextLogin": false,
  "lastKnownName": "wini_pvp12",
  "fly": false,
  "homes": {
    "amigos": {
      "x": -5856.668985484691,
      "y": 73,
      "z": 1561.343650812601,
      "rotx": 50.165191650390625,
      "roty": 93.31385040283203,
      "rotz": 0,
      "world": "fa9df8f4-6bbe-42a7-b26d-a3befddff91d"
    },
    "oi": {
      "x": -2.2668035555936994,
      "y": 62,
      "z": 7.229069305518787,
      "rotx": 25.608642578125,
      "roty": 141.2506866455078,
      "rotz": 0,
      "world": "74773b72-0d10-41bd-a3ed-419856a5f2c3"
    },
    "casa": {
      "x": 8182.854054553891,
      "y": 69,
      "z": -145.7972359861934,
      "rotx": 10.799909591674805,
      "roty": 204.17906188964844,
      "rotz": 0,
      "world": "fa9df8f4-6bbe-42a7-b26d-a3befddff91d"
    },
    "wini": {
      "x": 4155.316399066825,
      "y": 103,
      "z": -759.330726140859,
      "rotx": 60.150001525878906,
      "roty": 14.732269287109375,
      "rotz": 0,
      "world": "c28925ca-19de-463e-a50c-875f2214c05e"
    },
    "kartana": {
      "x": -3194.089787102098,
      "y": 99,
      "z": 1889.0009535710303,
      "rotx": 52.650081634521484,
      "roty": 46.33856201171875,
      "rotz": 0,
      "world": "c28925ca-19de-463e-a50c-875f2214c05e"
    }
  },
  "powertools": {}
}