{
  "data_version": 2,
  "lastLogin": 1623262978022,
  "lastIP": "/138.99.207.100",
  "usedKits": {
    "inicial": 1621743628294,
    "start": 1621744408292,
    "ajuda": 1621745545969,
    "diario": 1622597899821,
    "farm": 1622597905086,
    "dstart": 1621944905800,
    "sstart": 1621745620452,
    "mstart": 1621745663466,
    "caixas": 1621976207287,
    "casa": 1621901705200,
    "raro": 1622005061655,
    "comida": 1622007752576,
    "pascoa": 1621909248677,
    "menu": 1621909255632,
    "ultra": 1621915414483
  },
  "firstJoin": 1621743628278,
  "firstJoinProcessed": true,
  "vanish": false,
  "jailOnNextLogin": false,
  "lastKnownName": "Kothan",
  "fly": false,
  "homes": {
    "home": {
      "x": -6565.333779962126,
      "y": 65,
      "z": 7815.7127523617655,
      "rotx": 22.64972686767578,
      "roty": 54.6338996887207,
      "rotz": 0,
      "world": "fa9df8f4-6bbe-42a7-b26d-a3befddff91d"
    },
    "bau": {
      "x": -291.1465643447281,
      "y": 68,
      "z": -829.4018352387675,
      "rotx": 54.077877044677734,
      "roty": 37.68560791015625,
      "rotz": 0,
      "world": "fa9df8f4-6bbe-42a7-b26d-a3befddff91d"
    },
    "roofed": {
      "x": 1551.300000011921,
      "y": 69,
      "z": -4709.653057578282,
      "rotx": 38.54993438720703,
      "roty": -111.71826171875,
      "rotz": 0,
      "world": "fa9df8f4-6bbe-42a7-b26d-a3befddff91d"
    },
    "ult": {
      "x": -2390.170935482326,
      "y": 88,
      "z": -1129.3912786978856,
      "rotx": 5.15503454208374,
      "roty": -177.2479248046875,
      "rotz": 0,
      "world": "c28925ca-19de-463e-a50c-875f2214c05e"
    },
    "sav": {
      "x": 877.3000000119209,
      "y": 87,
      "z": 2795.699999988079,
      "rotx": 21.750015258789062,
      "roty": -101.5052490234375,
      "rotz": 0,
      "world": "c28925ca-19de-463e-a50c-875f2214c05e"
    }
  }
}