{
  "data_version": 2,
  "lastLogin": 1623268656111,
  "lastIP": "/187.19.234.236",
  "usedKits": {
    "inicial": 1621737318141,
    "pascoa": 1621737378619,
    "diario": 1621825856793,
    "ajuda": 1621737412718,
    "farm": 1622502068025,
    "start": 1621738257918,
    "mstart": 1621738266955,
    "sstart": 1621738268760,
    "dstart": 1622151640727,
    "casa": 1623049230639,
    "comida": 1622847915626,
    "ultra": 1622604232728
  },
  "firstJoin": 1621737318134,
  "firstJoinProcessed": true,
  "vanish": false,
  "jailOnNextLogin": false,
  "lastKnownName": "iRianGh_",
  "fly": false,
  "homes": {
    "roofed": {
      "x": -3658.479213848273,
      "y": 80,
      "z": -4925.0059938536115,
      "rotx": 35.489410400390625,
      "roty": 48.881591796875,
      "rotz": 0,
      "world": "fa9df8f4-6bbe-42a7-b26d-a3befddff91d"
    },
    "zera": {
      "x": -5131.40947164882,
      "y": 71,
      "z": 1600.6347284828623,
      "rotx": 45.106414794921875,
      "roty": 233.2671661376953,
      "rotz": 0,
      "world": "fa9df8f4-6bbe-42a7-b26d-a3befddff91d"
    },
    "regi": {
      "x": -117.30053121712622,
      "y": 67,
      "z": 963.5894655460348,
      "rotx": 19.42817497253418,
      "roty": -311.6522216796875,
      "rotz": 0,
      "world": "9fc9c8ba-db59-4daa-bac8-1d2febc39a21"
    },
    "base": {
      "x": -2151.1387505604043,
      "y": 124,
      "z": 3170.675744809344,
      "rotx": 19.052072525024414,
      "roty": -183.15939331054688,
      "rotz": 0,
      "world": "fa9df8f4-6bbe-42a7-b26d-a3befddff91d"
    },
    "zama": {
      "x": 7741.341571704196,
      "y": 66,
      "z": 1942.699999988079,
      "rotx": 25.313915252685547,
      "roty": -8.599466323852539,
      "rotz": 0,
      "world": "fa9df8f4-6bbe-42a7-b26d-a3befddff91d"
    }
  }
}